{
 "cells": [
  {
   "cell_type": "code",
   "execution_count": 1,
   "id": "2444016f",
   "metadata": {},
   "outputs": [],
   "source": [
    "import pandas as pd\n",
    "import numpy as np\n",
    "from sklearn.decomposition import PCA\n",
    "from sklearn.preprocessing import StandardScaler\n",
    "\n",
    "\n",
    "from sklearn.preprocessing import MinMaxScaler\n",
    "import scipy.cluster.hierarchy as sch                 # for dendrogram\n",
    "from sklearn.cluster import AgglomerativeClustering\n",
    "\n",
    "from sklearn.cluster import KMeans\n",
    "import matplotlib.pyplot as plt\n",
    "\n",
    "from sklearn.cluster import DBSCAN"
   ]
  },
  {
   "cell_type": "code",
   "execution_count": 2,
   "id": "8fbf5dd8",
   "metadata": {},
   "outputs": [
    {
     "data": {
      "text/html": [
       "<div>\n",
       "<style scoped>\n",
       "    .dataframe tbody tr th:only-of-type {\n",
       "        vertical-align: middle;\n",
       "    }\n",
       "\n",
       "    .dataframe tbody tr th {\n",
       "        vertical-align: top;\n",
       "    }\n",
       "\n",
       "    .dataframe thead th {\n",
       "        text-align: right;\n",
       "    }\n",
       "</style>\n",
       "<table border=\"1\" class=\"dataframe\">\n",
       "  <thead>\n",
       "    <tr style=\"text-align: right;\">\n",
       "      <th></th>\n",
       "      <th>Type</th>\n",
       "      <th>Alcohol</th>\n",
       "      <th>Malic</th>\n",
       "      <th>Ash</th>\n",
       "      <th>Alcalinity</th>\n",
       "      <th>Magnesium</th>\n",
       "      <th>Phenols</th>\n",
       "      <th>Flavanoids</th>\n",
       "      <th>Nonflavanoids</th>\n",
       "      <th>Proanthocyanins</th>\n",
       "      <th>Color</th>\n",
       "      <th>Hue</th>\n",
       "      <th>Dilution</th>\n",
       "      <th>Proline</th>\n",
       "    </tr>\n",
       "  </thead>\n",
       "  <tbody>\n",
       "    <tr>\n",
       "      <th>0</th>\n",
       "      <td>1</td>\n",
       "      <td>14.23</td>\n",
       "      <td>1.71</td>\n",
       "      <td>2.43</td>\n",
       "      <td>15.6</td>\n",
       "      <td>127</td>\n",
       "      <td>2.80</td>\n",
       "      <td>3.06</td>\n",
       "      <td>0.28</td>\n",
       "      <td>2.29</td>\n",
       "      <td>5.64</td>\n",
       "      <td>1.04</td>\n",
       "      <td>3.92</td>\n",
       "      <td>1065</td>\n",
       "    </tr>\n",
       "    <tr>\n",
       "      <th>1</th>\n",
       "      <td>1</td>\n",
       "      <td>13.20</td>\n",
       "      <td>1.78</td>\n",
       "      <td>2.14</td>\n",
       "      <td>11.2</td>\n",
       "      <td>100</td>\n",
       "      <td>2.65</td>\n",
       "      <td>2.76</td>\n",
       "      <td>0.26</td>\n",
       "      <td>1.28</td>\n",
       "      <td>4.38</td>\n",
       "      <td>1.05</td>\n",
       "      <td>3.40</td>\n",
       "      <td>1050</td>\n",
       "    </tr>\n",
       "    <tr>\n",
       "      <th>2</th>\n",
       "      <td>1</td>\n",
       "      <td>13.16</td>\n",
       "      <td>2.36</td>\n",
       "      <td>2.67</td>\n",
       "      <td>18.6</td>\n",
       "      <td>101</td>\n",
       "      <td>2.80</td>\n",
       "      <td>3.24</td>\n",
       "      <td>0.30</td>\n",
       "      <td>2.81</td>\n",
       "      <td>5.68</td>\n",
       "      <td>1.03</td>\n",
       "      <td>3.17</td>\n",
       "      <td>1185</td>\n",
       "    </tr>\n",
       "    <tr>\n",
       "      <th>3</th>\n",
       "      <td>1</td>\n",
       "      <td>14.37</td>\n",
       "      <td>1.95</td>\n",
       "      <td>2.50</td>\n",
       "      <td>16.8</td>\n",
       "      <td>113</td>\n",
       "      <td>3.85</td>\n",
       "      <td>3.49</td>\n",
       "      <td>0.24</td>\n",
       "      <td>2.18</td>\n",
       "      <td>7.80</td>\n",
       "      <td>0.86</td>\n",
       "      <td>3.45</td>\n",
       "      <td>1480</td>\n",
       "    </tr>\n",
       "    <tr>\n",
       "      <th>4</th>\n",
       "      <td>1</td>\n",
       "      <td>13.24</td>\n",
       "      <td>2.59</td>\n",
       "      <td>2.87</td>\n",
       "      <td>21.0</td>\n",
       "      <td>118</td>\n",
       "      <td>2.80</td>\n",
       "      <td>2.69</td>\n",
       "      <td>0.39</td>\n",
       "      <td>1.82</td>\n",
       "      <td>4.32</td>\n",
       "      <td>1.04</td>\n",
       "      <td>2.93</td>\n",
       "      <td>735</td>\n",
       "    </tr>\n",
       "  </tbody>\n",
       "</table>\n",
       "</div>"
      ],
      "text/plain": [
       "   Type  Alcohol  Malic   Ash  Alcalinity  Magnesium  Phenols  Flavanoids  \\\n",
       "0     1    14.23   1.71  2.43        15.6        127     2.80        3.06   \n",
       "1     1    13.20   1.78  2.14        11.2        100     2.65        2.76   \n",
       "2     1    13.16   2.36  2.67        18.6        101     2.80        3.24   \n",
       "3     1    14.37   1.95  2.50        16.8        113     3.85        3.49   \n",
       "4     1    13.24   2.59  2.87        21.0        118     2.80        2.69   \n",
       "\n",
       "   Nonflavanoids  Proanthocyanins  Color   Hue  Dilution  Proline  \n",
       "0           0.28             2.29   5.64  1.04      3.92     1065  \n",
       "1           0.26             1.28   4.38  1.05      3.40     1050  \n",
       "2           0.30             2.81   5.68  1.03      3.17     1185  \n",
       "3           0.24             2.18   7.80  0.86      3.45     1480  \n",
       "4           0.39             1.82   4.32  1.04      2.93      735  "
      ]
     },
     "execution_count": 2,
     "metadata": {},
     "output_type": "execute_result"
    }
   ],
   "source": [
    "Wine=pd.read_csv(\"wine.csv\")\n",
    "Wine.head()"
   ]
  },
  {
   "cell_type": "code",
   "execution_count": 3,
   "id": "77ebd4de",
   "metadata": {},
   "outputs": [
    {
     "data": {
      "text/plain": [
       "2    71\n",
       "1    59\n",
       "3    48\n",
       "Name: Type, dtype: int64"
      ]
     },
     "execution_count": 3,
     "metadata": {},
     "output_type": "execute_result"
    }
   ],
   "source": [
    "Wine[\"Type\"].value_counts()"
   ]
  },
  {
   "cell_type": "code",
   "execution_count": 4,
   "id": "a5c4d5be",
   "metadata": {},
   "outputs": [
    {
     "data": {
      "text/html": [
       "<div>\n",
       "<style scoped>\n",
       "    .dataframe tbody tr th:only-of-type {\n",
       "        vertical-align: middle;\n",
       "    }\n",
       "\n",
       "    .dataframe tbody tr th {\n",
       "        vertical-align: top;\n",
       "    }\n",
       "\n",
       "    .dataframe thead th {\n",
       "        text-align: right;\n",
       "    }\n",
       "</style>\n",
       "<table border=\"1\" class=\"dataframe\">\n",
       "  <thead>\n",
       "    <tr style=\"text-align: right;\">\n",
       "      <th></th>\n",
       "      <th>Alcohol</th>\n",
       "      <th>Malic</th>\n",
       "      <th>Ash</th>\n",
       "      <th>Alcalinity</th>\n",
       "      <th>Magnesium</th>\n",
       "      <th>Phenols</th>\n",
       "      <th>Flavanoids</th>\n",
       "      <th>Nonflavanoids</th>\n",
       "      <th>Proanthocyanins</th>\n",
       "      <th>Color</th>\n",
       "      <th>Hue</th>\n",
       "      <th>Dilution</th>\n",
       "      <th>Proline</th>\n",
       "    </tr>\n",
       "  </thead>\n",
       "  <tbody>\n",
       "    <tr>\n",
       "      <th>0</th>\n",
       "      <td>14.23</td>\n",
       "      <td>1.71</td>\n",
       "      <td>2.43</td>\n",
       "      <td>15.6</td>\n",
       "      <td>127</td>\n",
       "      <td>2.80</td>\n",
       "      <td>3.06</td>\n",
       "      <td>0.28</td>\n",
       "      <td>2.29</td>\n",
       "      <td>5.64</td>\n",
       "      <td>1.04</td>\n",
       "      <td>3.92</td>\n",
       "      <td>1065</td>\n",
       "    </tr>\n",
       "    <tr>\n",
       "      <th>1</th>\n",
       "      <td>13.20</td>\n",
       "      <td>1.78</td>\n",
       "      <td>2.14</td>\n",
       "      <td>11.2</td>\n",
       "      <td>100</td>\n",
       "      <td>2.65</td>\n",
       "      <td>2.76</td>\n",
       "      <td>0.26</td>\n",
       "      <td>1.28</td>\n",
       "      <td>4.38</td>\n",
       "      <td>1.05</td>\n",
       "      <td>3.40</td>\n",
       "      <td>1050</td>\n",
       "    </tr>\n",
       "    <tr>\n",
       "      <th>2</th>\n",
       "      <td>13.16</td>\n",
       "      <td>2.36</td>\n",
       "      <td>2.67</td>\n",
       "      <td>18.6</td>\n",
       "      <td>101</td>\n",
       "      <td>2.80</td>\n",
       "      <td>3.24</td>\n",
       "      <td>0.30</td>\n",
       "      <td>2.81</td>\n",
       "      <td>5.68</td>\n",
       "      <td>1.03</td>\n",
       "      <td>3.17</td>\n",
       "      <td>1185</td>\n",
       "    </tr>\n",
       "    <tr>\n",
       "      <th>3</th>\n",
       "      <td>14.37</td>\n",
       "      <td>1.95</td>\n",
       "      <td>2.50</td>\n",
       "      <td>16.8</td>\n",
       "      <td>113</td>\n",
       "      <td>3.85</td>\n",
       "      <td>3.49</td>\n",
       "      <td>0.24</td>\n",
       "      <td>2.18</td>\n",
       "      <td>7.80</td>\n",
       "      <td>0.86</td>\n",
       "      <td>3.45</td>\n",
       "      <td>1480</td>\n",
       "    </tr>\n",
       "    <tr>\n",
       "      <th>4</th>\n",
       "      <td>13.24</td>\n",
       "      <td>2.59</td>\n",
       "      <td>2.87</td>\n",
       "      <td>21.0</td>\n",
       "      <td>118</td>\n",
       "      <td>2.80</td>\n",
       "      <td>2.69</td>\n",
       "      <td>0.39</td>\n",
       "      <td>1.82</td>\n",
       "      <td>4.32</td>\n",
       "      <td>1.04</td>\n",
       "      <td>2.93</td>\n",
       "      <td>735</td>\n",
       "    </tr>\n",
       "    <tr>\n",
       "      <th>...</th>\n",
       "      <td>...</td>\n",
       "      <td>...</td>\n",
       "      <td>...</td>\n",
       "      <td>...</td>\n",
       "      <td>...</td>\n",
       "      <td>...</td>\n",
       "      <td>...</td>\n",
       "      <td>...</td>\n",
       "      <td>...</td>\n",
       "      <td>...</td>\n",
       "      <td>...</td>\n",
       "      <td>...</td>\n",
       "      <td>...</td>\n",
       "    </tr>\n",
       "    <tr>\n",
       "      <th>173</th>\n",
       "      <td>13.71</td>\n",
       "      <td>5.65</td>\n",
       "      <td>2.45</td>\n",
       "      <td>20.5</td>\n",
       "      <td>95</td>\n",
       "      <td>1.68</td>\n",
       "      <td>0.61</td>\n",
       "      <td>0.52</td>\n",
       "      <td>1.06</td>\n",
       "      <td>7.70</td>\n",
       "      <td>0.64</td>\n",
       "      <td>1.74</td>\n",
       "      <td>740</td>\n",
       "    </tr>\n",
       "    <tr>\n",
       "      <th>174</th>\n",
       "      <td>13.40</td>\n",
       "      <td>3.91</td>\n",
       "      <td>2.48</td>\n",
       "      <td>23.0</td>\n",
       "      <td>102</td>\n",
       "      <td>1.80</td>\n",
       "      <td>0.75</td>\n",
       "      <td>0.43</td>\n",
       "      <td>1.41</td>\n",
       "      <td>7.30</td>\n",
       "      <td>0.70</td>\n",
       "      <td>1.56</td>\n",
       "      <td>750</td>\n",
       "    </tr>\n",
       "    <tr>\n",
       "      <th>175</th>\n",
       "      <td>13.27</td>\n",
       "      <td>4.28</td>\n",
       "      <td>2.26</td>\n",
       "      <td>20.0</td>\n",
       "      <td>120</td>\n",
       "      <td>1.59</td>\n",
       "      <td>0.69</td>\n",
       "      <td>0.43</td>\n",
       "      <td>1.35</td>\n",
       "      <td>10.20</td>\n",
       "      <td>0.59</td>\n",
       "      <td>1.56</td>\n",
       "      <td>835</td>\n",
       "    </tr>\n",
       "    <tr>\n",
       "      <th>176</th>\n",
       "      <td>13.17</td>\n",
       "      <td>2.59</td>\n",
       "      <td>2.37</td>\n",
       "      <td>20.0</td>\n",
       "      <td>120</td>\n",
       "      <td>1.65</td>\n",
       "      <td>0.68</td>\n",
       "      <td>0.53</td>\n",
       "      <td>1.46</td>\n",
       "      <td>9.30</td>\n",
       "      <td>0.60</td>\n",
       "      <td>1.62</td>\n",
       "      <td>840</td>\n",
       "    </tr>\n",
       "    <tr>\n",
       "      <th>177</th>\n",
       "      <td>14.13</td>\n",
       "      <td>4.10</td>\n",
       "      <td>2.74</td>\n",
       "      <td>24.5</td>\n",
       "      <td>96</td>\n",
       "      <td>2.05</td>\n",
       "      <td>0.76</td>\n",
       "      <td>0.56</td>\n",
       "      <td>1.35</td>\n",
       "      <td>9.20</td>\n",
       "      <td>0.61</td>\n",
       "      <td>1.60</td>\n",
       "      <td>560</td>\n",
       "    </tr>\n",
       "  </tbody>\n",
       "</table>\n",
       "<p>178 rows × 13 columns</p>\n",
       "</div>"
      ],
      "text/plain": [
       "     Alcohol  Malic   Ash  Alcalinity  Magnesium  Phenols  Flavanoids  \\\n",
       "0      14.23   1.71  2.43        15.6        127     2.80        3.06   \n",
       "1      13.20   1.78  2.14        11.2        100     2.65        2.76   \n",
       "2      13.16   2.36  2.67        18.6        101     2.80        3.24   \n",
       "3      14.37   1.95  2.50        16.8        113     3.85        3.49   \n",
       "4      13.24   2.59  2.87        21.0        118     2.80        2.69   \n",
       "..       ...    ...   ...         ...        ...      ...         ...   \n",
       "173    13.71   5.65  2.45        20.5         95     1.68        0.61   \n",
       "174    13.40   3.91  2.48        23.0        102     1.80        0.75   \n",
       "175    13.27   4.28  2.26        20.0        120     1.59        0.69   \n",
       "176    13.17   2.59  2.37        20.0        120     1.65        0.68   \n",
       "177    14.13   4.10  2.74        24.5         96     2.05        0.76   \n",
       "\n",
       "     Nonflavanoids  Proanthocyanins  Color   Hue  Dilution  Proline  \n",
       "0             0.28             2.29   5.64  1.04      3.92     1065  \n",
       "1             0.26             1.28   4.38  1.05      3.40     1050  \n",
       "2             0.30             2.81   5.68  1.03      3.17     1185  \n",
       "3             0.24             2.18   7.80  0.86      3.45     1480  \n",
       "4             0.39             1.82   4.32  1.04      2.93      735  \n",
       "..             ...              ...    ...   ...       ...      ...  \n",
       "173           0.52             1.06   7.70  0.64      1.74      740  \n",
       "174           0.43             1.41   7.30  0.70      1.56      750  \n",
       "175           0.43             1.35  10.20  0.59      1.56      835  \n",
       "176           0.53             1.46   9.30  0.60      1.62      840  \n",
       "177           0.56             1.35   9.20  0.61      1.60      560  \n",
       "\n",
       "[178 rows x 13 columns]"
      ]
     },
     "execution_count": 4,
     "metadata": {},
     "output_type": "execute_result"
    }
   ],
   "source": [
    "Wine1=Wine.iloc[:,1:]\n",
    "Wine1"
   ]
  },
  {
   "cell_type": "code",
   "execution_count": 5,
   "id": "195196ac",
   "metadata": {},
   "outputs": [
    {
     "data": {
      "text/plain": [
       "array([[ 1.51861254, -0.5622498 ,  0.23205254, ...,  0.36217728,\n",
       "         1.84791957,  1.01300893],\n",
       "       [ 0.24628963, -0.49941338, -0.82799632, ...,  0.40605066,\n",
       "         1.1134493 ,  0.96524152],\n",
       "       [ 0.19687903,  0.02123125,  1.10933436, ...,  0.31830389,\n",
       "         0.78858745,  1.39514818],\n",
       "       ...,\n",
       "       [ 0.33275817,  1.74474449, -0.38935541, ..., -1.61212515,\n",
       "        -1.48544548,  0.28057537],\n",
       "       [ 0.20923168,  0.22769377,  0.01273209, ..., -1.56825176,\n",
       "        -1.40069891,  0.29649784],\n",
       "       [ 1.39508604,  1.58316512,  1.36520822, ..., -1.52437837,\n",
       "        -1.42894777, -0.59516041]])"
      ]
     },
     "execution_count": 5,
     "metadata": {},
     "output_type": "execute_result"
    }
   ],
   "source": [
    "# Standardization the numerical data \n",
    "std = StandardScaler()                  #StandardScaler = predef   It standardize data (def mean=0 sd=1)\n",
    "# Formula = X-mean/SD gives zscore\n",
    "Wine1_normal=std.fit_transform(Wine1)\n",
    "Wine1_normal"
   ]
  },
  {
   "cell_type": "code",
   "execution_count": 6,
   "id": "6c2590ba",
   "metadata": {},
   "outputs": [
    {
     "data": {
      "text/html": [
       "<div>\n",
       "<style scoped>\n",
       "    .dataframe tbody tr th:only-of-type {\n",
       "        vertical-align: middle;\n",
       "    }\n",
       "\n",
       "    .dataframe tbody tr th {\n",
       "        vertical-align: top;\n",
       "    }\n",
       "\n",
       "    .dataframe thead th {\n",
       "        text-align: right;\n",
       "    }\n",
       "</style>\n",
       "<table border=\"1\" class=\"dataframe\">\n",
       "  <thead>\n",
       "    <tr style=\"text-align: right;\">\n",
       "      <th></th>\n",
       "      <th>Alcohol</th>\n",
       "      <th>Malic</th>\n",
       "      <th>Ash</th>\n",
       "      <th>Alcalinity</th>\n",
       "      <th>Magnesium</th>\n",
       "      <th>Phenols</th>\n",
       "      <th>Flavanoids</th>\n",
       "      <th>Nonflavanoids</th>\n",
       "      <th>Proanthocyanins</th>\n",
       "      <th>Color</th>\n",
       "      <th>Hue</th>\n",
       "      <th>Dilution</th>\n",
       "      <th>Proline</th>\n",
       "    </tr>\n",
       "  </thead>\n",
       "  <tbody>\n",
       "    <tr>\n",
       "      <th>0</th>\n",
       "      <td>3.316751</td>\n",
       "      <td>-1.443463</td>\n",
       "      <td>-0.165739</td>\n",
       "      <td>-0.215631</td>\n",
       "      <td>0.693043</td>\n",
       "      <td>-0.223880</td>\n",
       "      <td>0.596427</td>\n",
       "      <td>0.065139</td>\n",
       "      <td>0.641443</td>\n",
       "      <td>1.020956</td>\n",
       "      <td>-0.451563</td>\n",
       "      <td>0.540810</td>\n",
       "      <td>-0.066239</td>\n",
       "    </tr>\n",
       "    <tr>\n",
       "      <th>1</th>\n",
       "      <td>2.209465</td>\n",
       "      <td>0.333393</td>\n",
       "      <td>-2.026457</td>\n",
       "      <td>-0.291358</td>\n",
       "      <td>-0.257655</td>\n",
       "      <td>-0.927120</td>\n",
       "      <td>0.053776</td>\n",
       "      <td>1.024416</td>\n",
       "      <td>-0.308847</td>\n",
       "      <td>0.159701</td>\n",
       "      <td>-0.142657</td>\n",
       "      <td>0.388238</td>\n",
       "      <td>0.003637</td>\n",
       "    </tr>\n",
       "    <tr>\n",
       "      <th>2</th>\n",
       "      <td>2.516740</td>\n",
       "      <td>-1.031151</td>\n",
       "      <td>0.982819</td>\n",
       "      <td>0.724902</td>\n",
       "      <td>-0.251033</td>\n",
       "      <td>0.549276</td>\n",
       "      <td>0.424205</td>\n",
       "      <td>-0.344216</td>\n",
       "      <td>-1.177834</td>\n",
       "      <td>0.113361</td>\n",
       "      <td>-0.286673</td>\n",
       "      <td>0.000584</td>\n",
       "      <td>0.021717</td>\n",
       "    </tr>\n",
       "    <tr>\n",
       "      <th>3</th>\n",
       "      <td>3.757066</td>\n",
       "      <td>-2.756372</td>\n",
       "      <td>-0.176192</td>\n",
       "      <td>0.567983</td>\n",
       "      <td>-0.311842</td>\n",
       "      <td>0.114431</td>\n",
       "      <td>-0.383337</td>\n",
       "      <td>0.643593</td>\n",
       "      <td>0.052544</td>\n",
       "      <td>0.239413</td>\n",
       "      <td>0.759584</td>\n",
       "      <td>-0.242020</td>\n",
       "      <td>-0.369484</td>\n",
       "    </tr>\n",
       "    <tr>\n",
       "      <th>4</th>\n",
       "      <td>1.008908</td>\n",
       "      <td>-0.869831</td>\n",
       "      <td>2.026688</td>\n",
       "      <td>-0.409766</td>\n",
       "      <td>0.298458</td>\n",
       "      <td>-0.406520</td>\n",
       "      <td>0.444074</td>\n",
       "      <td>0.416700</td>\n",
       "      <td>0.326819</td>\n",
       "      <td>-0.078366</td>\n",
       "      <td>-0.525945</td>\n",
       "      <td>-0.216664</td>\n",
       "      <td>-0.079364</td>\n",
       "    </tr>\n",
       "    <tr>\n",
       "      <th>...</th>\n",
       "      <td>...</td>\n",
       "      <td>...</td>\n",
       "      <td>...</td>\n",
       "      <td>...</td>\n",
       "      <td>...</td>\n",
       "      <td>...</td>\n",
       "      <td>...</td>\n",
       "      <td>...</td>\n",
       "      <td>...</td>\n",
       "      <td>...</td>\n",
       "      <td>...</td>\n",
       "      <td>...</td>\n",
       "      <td>...</td>\n",
       "    </tr>\n",
       "    <tr>\n",
       "      <th>173</th>\n",
       "      <td>-3.370524</td>\n",
       "      <td>-2.216289</td>\n",
       "      <td>-0.342570</td>\n",
       "      <td>1.058527</td>\n",
       "      <td>-0.574164</td>\n",
       "      <td>-1.108788</td>\n",
       "      <td>0.958416</td>\n",
       "      <td>-0.146097</td>\n",
       "      <td>-0.022498</td>\n",
       "      <td>-0.304117</td>\n",
       "      <td>0.139228</td>\n",
       "      <td>0.170786</td>\n",
       "      <td>-0.114427</td>\n",
       "    </tr>\n",
       "    <tr>\n",
       "      <th>174</th>\n",
       "      <td>-2.601956</td>\n",
       "      <td>-1.757229</td>\n",
       "      <td>0.207581</td>\n",
       "      <td>0.349496</td>\n",
       "      <td>0.255063</td>\n",
       "      <td>-0.026465</td>\n",
       "      <td>0.146894</td>\n",
       "      <td>-0.552427</td>\n",
       "      <td>-0.097969</td>\n",
       "      <td>-0.206061</td>\n",
       "      <td>0.258198</td>\n",
       "      <td>-0.279431</td>\n",
       "      <td>-0.187371</td>\n",
       "    </tr>\n",
       "    <tr>\n",
       "      <th>175</th>\n",
       "      <td>-2.677839</td>\n",
       "      <td>-2.760899</td>\n",
       "      <td>-0.940942</td>\n",
       "      <td>0.312035</td>\n",
       "      <td>1.271355</td>\n",
       "      <td>0.273068</td>\n",
       "      <td>0.679235</td>\n",
       "      <td>0.047024</td>\n",
       "      <td>0.001222</td>\n",
       "      <td>-0.247997</td>\n",
       "      <td>0.512492</td>\n",
       "      <td>0.698766</td>\n",
       "      <td>0.072078</td>\n",
       "    </tr>\n",
       "    <tr>\n",
       "      <th>176</th>\n",
       "      <td>-2.387017</td>\n",
       "      <td>-2.297347</td>\n",
       "      <td>-0.550696</td>\n",
       "      <td>-0.688285</td>\n",
       "      <td>0.813955</td>\n",
       "      <td>1.178783</td>\n",
       "      <td>0.633975</td>\n",
       "      <td>0.390829</td>\n",
       "      <td>0.057448</td>\n",
       "      <td>0.491490</td>\n",
       "      <td>0.299822</td>\n",
       "      <td>0.339821</td>\n",
       "      <td>-0.021866</td>\n",
       "    </tr>\n",
       "    <tr>\n",
       "      <th>177</th>\n",
       "      <td>-3.208758</td>\n",
       "      <td>-2.768920</td>\n",
       "      <td>1.013914</td>\n",
       "      <td>0.596903</td>\n",
       "      <td>-0.895193</td>\n",
       "      <td>0.296092</td>\n",
       "      <td>0.005741</td>\n",
       "      <td>-0.292914</td>\n",
       "      <td>0.741660</td>\n",
       "      <td>-0.117969</td>\n",
       "      <td>-0.229964</td>\n",
       "      <td>-0.188788</td>\n",
       "      <td>-0.323965</td>\n",
       "    </tr>\n",
       "  </tbody>\n",
       "</table>\n",
       "<p>178 rows × 13 columns</p>\n",
       "</div>"
      ],
      "text/plain": [
       "      Alcohol     Malic       Ash  Alcalinity  Magnesium   Phenols  \\\n",
       "0    3.316751 -1.443463 -0.165739   -0.215631   0.693043 -0.223880   \n",
       "1    2.209465  0.333393 -2.026457   -0.291358  -0.257655 -0.927120   \n",
       "2    2.516740 -1.031151  0.982819    0.724902  -0.251033  0.549276   \n",
       "3    3.757066 -2.756372 -0.176192    0.567983  -0.311842  0.114431   \n",
       "4    1.008908 -0.869831  2.026688   -0.409766   0.298458 -0.406520   \n",
       "..        ...       ...       ...         ...        ...       ...   \n",
       "173 -3.370524 -2.216289 -0.342570    1.058527  -0.574164 -1.108788   \n",
       "174 -2.601956 -1.757229  0.207581    0.349496   0.255063 -0.026465   \n",
       "175 -2.677839 -2.760899 -0.940942    0.312035   1.271355  0.273068   \n",
       "176 -2.387017 -2.297347 -0.550696   -0.688285   0.813955  1.178783   \n",
       "177 -3.208758 -2.768920  1.013914    0.596903  -0.895193  0.296092   \n",
       "\n",
       "     Flavanoids  Nonflavanoids  Proanthocyanins     Color       Hue  Dilution  \\\n",
       "0      0.596427       0.065139         0.641443  1.020956 -0.451563  0.540810   \n",
       "1      0.053776       1.024416        -0.308847  0.159701 -0.142657  0.388238   \n",
       "2      0.424205      -0.344216        -1.177834  0.113361 -0.286673  0.000584   \n",
       "3     -0.383337       0.643593         0.052544  0.239413  0.759584 -0.242020   \n",
       "4      0.444074       0.416700         0.326819 -0.078366 -0.525945 -0.216664   \n",
       "..          ...            ...              ...       ...       ...       ...   \n",
       "173    0.958416      -0.146097        -0.022498 -0.304117  0.139228  0.170786   \n",
       "174    0.146894      -0.552427        -0.097969 -0.206061  0.258198 -0.279431   \n",
       "175    0.679235       0.047024         0.001222 -0.247997  0.512492  0.698766   \n",
       "176    0.633975       0.390829         0.057448  0.491490  0.299822  0.339821   \n",
       "177    0.005741      -0.292914         0.741660 -0.117969 -0.229964 -0.188788   \n",
       "\n",
       "      Proline  \n",
       "0   -0.066239  \n",
       "1    0.003637  \n",
       "2    0.021717  \n",
       "3   -0.369484  \n",
       "4   -0.079364  \n",
       "..        ...  \n",
       "173 -0.114427  \n",
       "174 -0.187371  \n",
       "175  0.072078  \n",
       "176 -0.021866  \n",
       "177 -0.323965  \n",
       "\n",
       "[178 rows x 13 columns]"
      ]
     },
     "execution_count": 6,
     "metadata": {},
     "output_type": "execute_result"
    }
   ],
   "source": [
    "pca2=PCA(n_components=None)               #Create PCA object that will retain all principal components of data when it is fitted.\n",
    "data = pca2.fit_transform(Wine1_normal)     #it will be in array below in df\n",
    "pca_components=pd.DataFrame(data,columns=['Alcohol','Malic','Ash','Alcalinity','Magnesium','Phenols','Flavanoids','Nonflavanoids','Proanthocyanins','Color','Hue','Dilution','Proline'])\n",
    "pca_components"
   ]
  },
  {
   "cell_type": "code",
   "execution_count": 7,
   "id": "4a1ba03f",
   "metadata": {},
   "outputs": [
    {
     "data": {
      "text/html": [
       "<div>\n",
       "<style scoped>\n",
       "    .dataframe tbody tr th:only-of-type {\n",
       "        vertical-align: middle;\n",
       "    }\n",
       "\n",
       "    .dataframe tbody tr th {\n",
       "        vertical-align: top;\n",
       "    }\n",
       "\n",
       "    .dataframe thead th {\n",
       "        text-align: right;\n",
       "    }\n",
       "</style>\n",
       "<table border=\"1\" class=\"dataframe\">\n",
       "  <thead>\n",
       "    <tr style=\"text-align: right;\">\n",
       "      <th></th>\n",
       "      <th>Alcohol</th>\n",
       "      <th>Malic</th>\n",
       "      <th>Ash</th>\n",
       "      <th>Alcalinity</th>\n",
       "      <th>Magnesium</th>\n",
       "      <th>Phenols</th>\n",
       "      <th>Flavanoids</th>\n",
       "      <th>Nonflavanoids</th>\n",
       "      <th>Proanthocyanins</th>\n",
       "      <th>Color</th>\n",
       "      <th>Hue</th>\n",
       "      <th>Dilution</th>\n",
       "      <th>Proline</th>\n",
       "    </tr>\n",
       "  </thead>\n",
       "  <tbody>\n",
       "    <tr>\n",
       "      <th>Alcohol</th>\n",
       "      <td>1.000000e+00</td>\n",
       "      <td>-1.717656e-16</td>\n",
       "      <td>-7.555502e-17</td>\n",
       "      <td>-1.607624e-16</td>\n",
       "      <td>-3.859760e-17</td>\n",
       "      <td>1.184496e-16</td>\n",
       "      <td>-2.060973e-16</td>\n",
       "      <td>-1.237101e-16</td>\n",
       "      <td>2.567756e-17</td>\n",
       "      <td>0.000000e+00</td>\n",
       "      <td>-1.089162e-16</td>\n",
       "      <td>1.350767e-16</td>\n",
       "      <td>-3.934685e-17</td>\n",
       "    </tr>\n",
       "    <tr>\n",
       "      <th>Malic</th>\n",
       "      <td>-1.717656e-16</td>\n",
       "      <td>1.000000e+00</td>\n",
       "      <td>2.363310e-16</td>\n",
       "      <td>-4.117481e-17</td>\n",
       "      <td>1.743455e-16</td>\n",
       "      <td>-5.223212e-17</td>\n",
       "      <td>-1.126949e-16</td>\n",
       "      <td>-1.009626e-16</td>\n",
       "      <td>3.818809e-17</td>\n",
       "      <td>-2.364025e-17</td>\n",
       "      <td>-2.658166e-17</td>\n",
       "      <td>-8.647246e-18</td>\n",
       "      <td>-3.682905e-18</td>\n",
       "    </tr>\n",
       "    <tr>\n",
       "      <th>Ash</th>\n",
       "      <td>-7.555502e-17</td>\n",
       "      <td>2.363310e-16</td>\n",
       "      <td>1.000000e+00</td>\n",
       "      <td>-3.733299e-17</td>\n",
       "      <td>-7.075110e-17</td>\n",
       "      <td>1.288537e-16</td>\n",
       "      <td>2.304930e-16</td>\n",
       "      <td>1.133405e-16</td>\n",
       "      <td>2.702058e-17</td>\n",
       "      <td>4.258422e-17</td>\n",
       "      <td>-7.313395e-17</td>\n",
       "      <td>-2.547187e-16</td>\n",
       "      <td>2.040666e-16</td>\n",
       "    </tr>\n",
       "    <tr>\n",
       "      <th>Alcalinity</th>\n",
       "      <td>-1.607624e-16</td>\n",
       "      <td>-4.117481e-17</td>\n",
       "      <td>-3.733299e-17</td>\n",
       "      <td>1.000000e+00</td>\n",
       "      <td>7.952432e-16</td>\n",
       "      <td>-2.901746e-16</td>\n",
       "      <td>-3.404310e-16</td>\n",
       "      <td>-3.215509e-16</td>\n",
       "      <td>-2.221345e-16</td>\n",
       "      <td>4.530023e-17</td>\n",
       "      <td>-3.245159e-16</td>\n",
       "      <td>3.484283e-16</td>\n",
       "      <td>-2.711624e-16</td>\n",
       "    </tr>\n",
       "    <tr>\n",
       "      <th>Magnesium</th>\n",
       "      <td>-3.859760e-17</td>\n",
       "      <td>1.743455e-16</td>\n",
       "      <td>-7.075110e-17</td>\n",
       "      <td>7.952432e-16</td>\n",
       "      <td>1.000000e+00</td>\n",
       "      <td>-1.251793e-16</td>\n",
       "      <td>-2.532501e-16</td>\n",
       "      <td>-6.634159e-17</td>\n",
       "      <td>1.206063e-16</td>\n",
       "      <td>7.161502e-17</td>\n",
       "      <td>3.517076e-17</td>\n",
       "      <td>1.368340e-16</td>\n",
       "      <td>-1.554087e-16</td>\n",
       "    </tr>\n",
       "    <tr>\n",
       "      <th>Phenols</th>\n",
       "      <td>1.184496e-16</td>\n",
       "      <td>-5.223212e-17</td>\n",
       "      <td>1.288537e-16</td>\n",
       "      <td>-2.901746e-16</td>\n",
       "      <td>-1.251793e-16</td>\n",
       "      <td>1.000000e+00</td>\n",
       "      <td>-3.060782e-17</td>\n",
       "      <td>2.055964e-16</td>\n",
       "      <td>-2.296198e-16</td>\n",
       "      <td>8.743973e-18</td>\n",
       "      <td>-1.673477e-16</td>\n",
       "      <td>-4.743129e-16</td>\n",
       "      <td>3.139161e-16</td>\n",
       "    </tr>\n",
       "    <tr>\n",
       "      <th>Flavanoids</th>\n",
       "      <td>-2.060973e-16</td>\n",
       "      <td>-1.126949e-16</td>\n",
       "      <td>2.304930e-16</td>\n",
       "      <td>-3.404310e-16</td>\n",
       "      <td>-2.532501e-16</td>\n",
       "      <td>-3.060782e-17</td>\n",
       "      <td>1.000000e+00</td>\n",
       "      <td>-3.950639e-16</td>\n",
       "      <td>2.096176e-16</td>\n",
       "      <td>1.700716e-17</td>\n",
       "      <td>3.933398e-17</td>\n",
       "      <td>2.759746e-16</td>\n",
       "      <td>-3.328691e-16</td>\n",
       "    </tr>\n",
       "    <tr>\n",
       "      <th>Nonflavanoids</th>\n",
       "      <td>-1.237101e-16</td>\n",
       "      <td>-1.009626e-16</td>\n",
       "      <td>1.133405e-16</td>\n",
       "      <td>-3.215509e-16</td>\n",
       "      <td>-6.634159e-17</td>\n",
       "      <td>2.055964e-16</td>\n",
       "      <td>-3.950639e-16</td>\n",
       "      <td>1.000000e+00</td>\n",
       "      <td>4.078964e-16</td>\n",
       "      <td>4.996400e-16</td>\n",
       "      <td>-1.020036e-16</td>\n",
       "      <td>-1.166969e-16</td>\n",
       "      <td>9.858204e-17</td>\n",
       "    </tr>\n",
       "    <tr>\n",
       "      <th>Proanthocyanins</th>\n",
       "      <td>2.567756e-17</td>\n",
       "      <td>3.818809e-17</td>\n",
       "      <td>2.702058e-17</td>\n",
       "      <td>-2.221345e-16</td>\n",
       "      <td>1.206063e-16</td>\n",
       "      <td>-2.296198e-16</td>\n",
       "      <td>2.096176e-16</td>\n",
       "      <td>4.078964e-16</td>\n",
       "      <td>1.000000e+00</td>\n",
       "      <td>-8.021745e-17</td>\n",
       "      <td>3.174855e-16</td>\n",
       "      <td>1.193467e-16</td>\n",
       "      <td>1.227147e-16</td>\n",
       "    </tr>\n",
       "    <tr>\n",
       "      <th>Color</th>\n",
       "      <td>0.000000e+00</td>\n",
       "      <td>-2.364025e-17</td>\n",
       "      <td>4.258422e-17</td>\n",
       "      <td>4.530023e-17</td>\n",
       "      <td>7.161502e-17</td>\n",
       "      <td>8.743973e-18</td>\n",
       "      <td>1.700716e-17</td>\n",
       "      <td>4.996400e-16</td>\n",
       "      <td>-8.021745e-17</td>\n",
       "      <td>1.000000e+00</td>\n",
       "      <td>-4.088004e-16</td>\n",
       "      <td>-1.442579e-16</td>\n",
       "      <td>2.207490e-16</td>\n",
       "    </tr>\n",
       "    <tr>\n",
       "      <th>Hue</th>\n",
       "      <td>-1.089162e-16</td>\n",
       "      <td>-2.658166e-17</td>\n",
       "      <td>-7.313395e-17</td>\n",
       "      <td>-3.245159e-16</td>\n",
       "      <td>3.517076e-17</td>\n",
       "      <td>-1.673477e-16</td>\n",
       "      <td>3.933398e-17</td>\n",
       "      <td>-1.020036e-16</td>\n",
       "      <td>3.174855e-16</td>\n",
       "      <td>-4.088004e-16</td>\n",
       "      <td>1.000000e+00</td>\n",
       "      <td>9.126147e-17</td>\n",
       "      <td>-5.307239e-17</td>\n",
       "    </tr>\n",
       "    <tr>\n",
       "      <th>Dilution</th>\n",
       "      <td>1.350767e-16</td>\n",
       "      <td>-8.647246e-18</td>\n",
       "      <td>-2.547187e-16</td>\n",
       "      <td>3.484283e-16</td>\n",
       "      <td>1.368340e-16</td>\n",
       "      <td>-4.743129e-16</td>\n",
       "      <td>2.759746e-16</td>\n",
       "      <td>-1.166969e-16</td>\n",
       "      <td>1.193467e-16</td>\n",
       "      <td>-1.442579e-16</td>\n",
       "      <td>9.126147e-17</td>\n",
       "      <td>1.000000e+00</td>\n",
       "      <td>-6.551811e-17</td>\n",
       "    </tr>\n",
       "    <tr>\n",
       "      <th>Proline</th>\n",
       "      <td>-3.934685e-17</td>\n",
       "      <td>-3.682905e-18</td>\n",
       "      <td>2.040666e-16</td>\n",
       "      <td>-2.711624e-16</td>\n",
       "      <td>-1.554087e-16</td>\n",
       "      <td>3.139161e-16</td>\n",
       "      <td>-3.328691e-16</td>\n",
       "      <td>9.858204e-17</td>\n",
       "      <td>1.227147e-16</td>\n",
       "      <td>2.207490e-16</td>\n",
       "      <td>-5.307239e-17</td>\n",
       "      <td>-6.551811e-17</td>\n",
       "      <td>1.000000e+00</td>\n",
       "    </tr>\n",
       "  </tbody>\n",
       "</table>\n",
       "</div>"
      ],
      "text/plain": [
       "                      Alcohol         Malic           Ash    Alcalinity  \\\n",
       "Alcohol          1.000000e+00 -1.717656e-16 -7.555502e-17 -1.607624e-16   \n",
       "Malic           -1.717656e-16  1.000000e+00  2.363310e-16 -4.117481e-17   \n",
       "Ash             -7.555502e-17  2.363310e-16  1.000000e+00 -3.733299e-17   \n",
       "Alcalinity      -1.607624e-16 -4.117481e-17 -3.733299e-17  1.000000e+00   \n",
       "Magnesium       -3.859760e-17  1.743455e-16 -7.075110e-17  7.952432e-16   \n",
       "Phenols          1.184496e-16 -5.223212e-17  1.288537e-16 -2.901746e-16   \n",
       "Flavanoids      -2.060973e-16 -1.126949e-16  2.304930e-16 -3.404310e-16   \n",
       "Nonflavanoids   -1.237101e-16 -1.009626e-16  1.133405e-16 -3.215509e-16   \n",
       "Proanthocyanins  2.567756e-17  3.818809e-17  2.702058e-17 -2.221345e-16   \n",
       "Color            0.000000e+00 -2.364025e-17  4.258422e-17  4.530023e-17   \n",
       "Hue             -1.089162e-16 -2.658166e-17 -7.313395e-17 -3.245159e-16   \n",
       "Dilution         1.350767e-16 -8.647246e-18 -2.547187e-16  3.484283e-16   \n",
       "Proline         -3.934685e-17 -3.682905e-18  2.040666e-16 -2.711624e-16   \n",
       "\n",
       "                    Magnesium       Phenols    Flavanoids  Nonflavanoids  \\\n",
       "Alcohol         -3.859760e-17  1.184496e-16 -2.060973e-16  -1.237101e-16   \n",
       "Malic            1.743455e-16 -5.223212e-17 -1.126949e-16  -1.009626e-16   \n",
       "Ash             -7.075110e-17  1.288537e-16  2.304930e-16   1.133405e-16   \n",
       "Alcalinity       7.952432e-16 -2.901746e-16 -3.404310e-16  -3.215509e-16   \n",
       "Magnesium        1.000000e+00 -1.251793e-16 -2.532501e-16  -6.634159e-17   \n",
       "Phenols         -1.251793e-16  1.000000e+00 -3.060782e-17   2.055964e-16   \n",
       "Flavanoids      -2.532501e-16 -3.060782e-17  1.000000e+00  -3.950639e-16   \n",
       "Nonflavanoids   -6.634159e-17  2.055964e-16 -3.950639e-16   1.000000e+00   \n",
       "Proanthocyanins  1.206063e-16 -2.296198e-16  2.096176e-16   4.078964e-16   \n",
       "Color            7.161502e-17  8.743973e-18  1.700716e-17   4.996400e-16   \n",
       "Hue              3.517076e-17 -1.673477e-16  3.933398e-17  -1.020036e-16   \n",
       "Dilution         1.368340e-16 -4.743129e-16  2.759746e-16  -1.166969e-16   \n",
       "Proline         -1.554087e-16  3.139161e-16 -3.328691e-16   9.858204e-17   \n",
       "\n",
       "                 Proanthocyanins         Color           Hue      Dilution  \\\n",
       "Alcohol             2.567756e-17  0.000000e+00 -1.089162e-16  1.350767e-16   \n",
       "Malic               3.818809e-17 -2.364025e-17 -2.658166e-17 -8.647246e-18   \n",
       "Ash                 2.702058e-17  4.258422e-17 -7.313395e-17 -2.547187e-16   \n",
       "Alcalinity         -2.221345e-16  4.530023e-17 -3.245159e-16  3.484283e-16   \n",
       "Magnesium           1.206063e-16  7.161502e-17  3.517076e-17  1.368340e-16   \n",
       "Phenols            -2.296198e-16  8.743973e-18 -1.673477e-16 -4.743129e-16   \n",
       "Flavanoids          2.096176e-16  1.700716e-17  3.933398e-17  2.759746e-16   \n",
       "Nonflavanoids       4.078964e-16  4.996400e-16 -1.020036e-16 -1.166969e-16   \n",
       "Proanthocyanins     1.000000e+00 -8.021745e-17  3.174855e-16  1.193467e-16   \n",
       "Color              -8.021745e-17  1.000000e+00 -4.088004e-16 -1.442579e-16   \n",
       "Hue                 3.174855e-16 -4.088004e-16  1.000000e+00  9.126147e-17   \n",
       "Dilution            1.193467e-16 -1.442579e-16  9.126147e-17  1.000000e+00   \n",
       "Proline             1.227147e-16  2.207490e-16 -5.307239e-17 -6.551811e-17   \n",
       "\n",
       "                      Proline  \n",
